 9.5569  7.2170
 5.9958  4.5021
 8.2078  6.2118
11.9082  7.6112
 6.0547  7.2849
 8.1267  7.0309
 5.3031  4.6593
 1.4604  1.1574
10.4773  6.5726
 3.9189  4.9542
 1.1550  0.6860
 0.2094 -1.9528
 7.7698  4.9409
 5.5875  5.2593
 5.7082  4.2622
 2.5005  2.8861
 1.0037  0.3312
 8.7612  6.4911
 8.7992  6.4291
-1.5520 -3.9206
 8.1765  6.0644
 6.8398  5.1538
 0.4978  0.4194
 6.0912  4.3148
 7.3719  5.9768
 8.4350  6.3067
 8.2206  6.7469
 8.2105  5.5732
 8.6842  6.3063
 7.2223  5.7820
 3.0846  1.4112
 6.6620  5.3358
 4.1014  5.9718
 2.8341  4.9589
 7.8170  5.7399
 7.5139  6.1183
 2.1673  3.0574
 2.9986  5.4115
 8.1588  4.9327
-0.1911 -1.7320
 9.1571  6.2303
 0.8224 -1.1243
 0.1308 -1.8648
 8.7121  6.1395
 2.2625  3.1703
 1.7972  1.7397
 3.0634  3.0133
 8.1291  5.9392
10.8097  6.8504
 0.6106  0.7215
 6.1466  5.7468
 6.3625  5.1882
-1.6208 -3.8387
 1.6859  1.6659
 3.8979  5.4510
 1.3537  0.7185
 1.2620  1.7233
 7.3792  5.6468
 7.7253  6.2002
11.1470  7.7087
 1.8570  2.1072
 2.9573  3.7049
 0.8489  0.2223
 1.8367  1.5076
 4.7384  5.1813
 1.3665  0.6363
10.5466  6.5951
 1.6342  2.1033
 6.5543  6.2060
 7.4471  6.0770
 8.0574  6.1558
 8.0896  6.3030
 1.3350  0.4894
 3.1120  3.3676
 1.0531  1.6620
 1.7550  1.7793
 1.8914  0.7850
 2.2180  1.7299
 6.1123  5.3547
 2.4562  3.5604
 1.3797  0.3961
 3.2149  3.3001
 9.0940  7.0498
 2.3842  2.6039
 3.3281  5.1815
 8.8959  6.4742
 0.1479 -0.6412
 3.0903  3.3168
 0.5014 -0.0152
 4.3224  5.3156
 7.1978  5.5789
 7.8588  6.7083
 9.0953  7.3278
 4.2530  5.6024
 9.4268  6.8458
 2.4428  2.1498
 9.0287  6.6842
 6.4154  5.4805
 6.7577  5.8193
 7.3953  5.6697

